Webots Project File version R2023b
perspectives: 000000ff00000000fd00000003000000000000000000000000fc0100000001fb0000001a0044006f00630075006d0065006e0074006100740069006f006e0000000000ffffffff000000000000000000000001000001b4000002b1fc0200000001fb0000001400540065007800740045006400690074006f00720100000016000002b10000008800ffffff00000003000004f400000039fc0100000001fb0000001a0043006f006e0073006f006c00650041006c006c0041006c006c0100000000000004f40000006900ffffff0000033e000002b100000001000000020000000100000008fc00000000
simulationViewPerspectives: 000000ff000000010000000200000156000006280100000002010000000100
sceneTreePerspectives: 000000ff00000001000000030000001c000000c0000000fa0100000002010000000200
maximizedDockId: -1
centralWidgetVisible: 1
orthographicViewHeight: 1
textFiles: 0 "controllers/image_with_camera/image_with_camera.py"
consoles: Console:All:All
renderingDevicePerspectives: TurtleBot3Burger:camera;1;2.15306;0.0155232;0.0152566
renderingDevicePerspectives: robot:CamLeft;1;0.945313;0;0
